-4.45234579418478
5.53119961562172
-6.68419376418745
10.3173561340398
-5.28895470051267
5.40475339977122
0.741758817890527
-11.5060387551944
5.62133953674198
-26.4059847726173
-1.63391303957043
-18.7600822097359
-21.9537572012748
9.55964386345375
-37.0171796762252
27.8858261401770
-32.3132084440627
17.4765745876696
-20.7636831738558
0.302030142823208
-18.9291572753740
3.15783292469549
-14.6280516037214
18.1102121368863
11.8129094170757
23.1580384145485
-6.67220814262104
6.66988677764782
-6.36718023140998
20.6737046865393
0.294941973938533
22.5749200999111
4.80354543854633
9.87455777170700
-1.59156313208864
-3.05268128069128
-12.1134535435362
-0.785832029405985
-9.50713190382875
11.7361954336468
9.37883636936967
12.7835239959862
22.0324723175370
-2.82861329909833
4.81477704943798
-11.3617101469717
-28.9968808720511
1.88558670403373
-33.6424294754472
18.4325884614868
13.4078126127133
18.7153696033577
-12.8963807884268
-0.528280349536305
-10.4581720650323
21.4611094030500
8.85753134170250
23.5507152328476
21.3975551835833
9.57154121837250
3.69746931911987
1.39106058773312
-23.7248578357791
5.51311472357163
-16.8375325979408
8.04586266357304
24.3918291870913
-0.933588185889192
47.6140453923327
-11.6659413849988
18.4362969080196
-7.60765954156991
-29.1006156647476
7.70917251993678
-30.2444937654338
13.1729861271039
32.9064213604423
2.94006794817272
-22.1902177752104
-14.0899073143369
-25.4512858213323
14.9057406100027
4.18757749172926
10.4876534422641
31.9260697643906
-10.9673785433427
15.0065513957485
-12.8943295490421
-26.4099876731988
0.0978986255826892
-32.5136169352958
1.22426941499273
4.71908139728988
-7.31965156363886
30.7849671954573
-4.83379328229408
11.4534854051598
10.3930011630639
-19.9654534968614
18.4784226240533
-8.71541405723433
6.24839958512274
52.8278919834778
-13.6067173514907
-23.1831333558867
-23.6643210870225
-39.1390231812883
12.8218723317504
-11.5298827183223
4.50331763054382
24.3669439551628
-19.6820720391244
18.8413768616708
-12.7922599253124
-15.7552222020063
5.92243567419895
-28.5676204973307
1.03696400501788
-10.3176561366684
-9.38401531625458
4.42295995498037
1.66749874297653
-3.02364905123523
20.0057023943468
-12.8249533448071
19.0587226729230
1.54833887395349
-1.17647166316404
38.2846623651896
-18.0623877747693
-7.53419662319716
-21.5306230846118
-31.0960748054024
16.4814021835547
-14.7426887673532
10.1102797222586
12.1253289137412
-5.29751614175309
12.7515750050420
11.3271206748431
-1.00833512479577
24.4806123688463
-2.72400989105317
3.63233978303911
2.68738497243908
-14.0996878979159
0.709266350589683
-4.10002008504853
-6.60330182989898
7.30189820166825
-10.1671776084700
1.59975011860756
-8.03661964855488
-8.18836517954948
-8.23191960914731
-5.90257712274058
11.6153068867094
-10.9099212913186
-6.69724665030924
13.1287395843435
0.182383531484902
6.19555834760977
6.63153298921242
2.85089431110645
-1.99917941146592
24.0581217449255
-3.54930342858637
25.4183668165908
10.3623605084796
-4.33100415860767
17.9368454860613
-17.5657099377422
10.7206856107635
-8.50809231024392
0.867820502033592
-10.4045739858638
-3.88664492558071
-18.8885256673920
-9.72158784553017
-9.95478916974408
-33.2950416131465
14.0831806286313
12.6707543180833
0.285755273547972
6.33751727077734
-0.0919451862633542
11.6334387304323
-12.7764226473174
3.29372192883097
-9.44707779614300
-18.5697705768796
9.07395952035883
-22.7722420910310
3.38572063884148
-3.71623064461773
-14.6111038501850
12.7670109241675
-5.25146598228232
13.0247349736133
6.66218541799898
3.55057594579681
-10.4655310765929
-0.355572058744992
-23.6988541371158
6.48329760877088
-5.34225190987305
-5.69268986552063
21.7590447405069
-4.47516532578168
8.42944935858833
-1.60447155692992
-7.94977817747696
8.94015182378233
-21.1096743720133
3.88964402539326
-13.2707966187136
-15.7899938787430
-0.0722394403076687
-24.2939186968085
-7.15349424528118
-12.8633589388161
-7.85787540191705
4.58992544171212
18.4679670262164
10.7937244217885
26.3348083521075
-3.74629300986031
-1.90173020339067
-16.1426516483272
-15.6686042388293
6.08020954632013
-0.728830058927533
30.4029303718962
3.33519191637210
-19.9300921279453
13.2151305998981
-13.0061568214836
-1.27094597126657
4.90995183004188
-4.63210140782651
16.3123936155578
8.19714026224455
13.4947030640428
14.7992926518337
2.62475533008796
2.75964352819274
-6.22639445061038
2.27939495951048
-0.404687724111576
20.2035435568516
13.2594411515529
15.1873557516147
1.20035119261432
-9.04082766350433
-29.2159278825370
-6.18360861035990
-19.7183799170385
6.38627552989678
24.7464485478282
-23.0614440129965
-21.1952733770319
13.8620940370508
-13.3190149313461
9.65967026180533
8.33438492747350
16.0518382599192
32.0277667695216
27.7116808122858
39.0756240076866
22.9099066944778
14.1659786517508
-0.570578733715115
-28.4620185935300
-14.6227671847021
-36.5255904970933
-15.7452736155488
9.40329063823517
-26.2089950897295
43.3744081141975
-26.2803268180350
17.4474373936458
10.2819168978429
-11.5417381227359
32.7998522989838
4.88182347121977
-17.2422221465714
-0.598183400048199
-0.387191105724914
0.801404978728995
0.221974881852317
12.4885136261668
-6.75273467038889