-7.60862568492870
-23.6331222395538
4.14418741911113
-29.6691102895467
12.5084754950063
-29.2271097928150
1.64681758074337
-23.2083982727093
-32.5021184861980
-20.0392464097131
-64.6669920171630
-21.1209588880738
-61.4598356256755
-13.5274181159639
-24.5928146934695
1.22840186666197
14.6802339218504
-2.58642341764829
38.0072929508916
-24.1990951657947
43.7036083683306
-25.0560188914692
28.6347390308954
0.676120484520278
-0.934129696348908
12.6822613537142
-13.9934600915588
-13.2989346862041
16.3385659820368
-0.845755797200559
37.5508819991791
6.92549882985311
32.8207499010799
3.29084083742856
11.3115680063533
-3.39429097755310
3.47522219992183
3.42766030882787
18.5391183605074
28.2890650734589
22.1696640189613
45.4349828929493
-9.15098240716142
29.4693599608897
-41.9872157665925
9.97808525187967
-40.0955122114142
28.0470734199061
-20.2673393006827
43.8056344500892
-12.8818111847433
-9.06428743538108
-31.3496133163496
-11.0068938890779
20.2207949965309
23.7844607683318
42.9053764122458
32.0181613907723
24.0277250421407
1.94844692080668
-0.0278549724937672
-25.9224788941813
14.2326310456464
-17.0288500433402
57.8771302549842
8.21442269444442
70.0358983840115
3.04230927361890
21.9433704876199
-30.4587568703940
-32.2631862107586
-25.0077875271494
-33.2734213123209
38.5227457305428
2.56301074949223
53.1420758582888
25.8056515517781
-67.4257355290131
-51.9192000855458
-28.7796883864175
16.5837744177243
27.6633409493057
27.1452787025683
36.2191238239629
-15.3124086824389
-19.0883685452358
-46.9457876917911
-53.8535454103148
-34.5293600717780
-22.6306539323322
-2.00845391541507
7.84939446186840
13.4557804153849
-29.6723517316839
2.77759814833155
-89.6137781205783
-6.40922816061296
-68.4201142011855
12.6037858416419
26.2764917232988
43.8893788524272
41.7149237878218
51.3824755245418
-109.063602881393
-50.7133258952715
-55.4038345445618
20.6103168455605
17.2845900717426
12.2737829903376
37.3972645139543
-30.8909475635463
-25.8357731894959
-29.9838835568413
-51.0230171005367
-11.7539543437611
16.5375712056573
-32.8915877361308
68.0588964632582
-58.6717532120112
19.7322446261703
-37.9643170388500
-54.8329557022465
5.59953202127049
-41.1714452174229
28.4910195220961
39.3649844451041
20.7049586128348
46.6870003631926
-15.8930299577060
-75.7889233040412
-12.3651881846189
-61.9774241891259
38.1139237027495
7.94893112111425
5.49968670470096
46.8155257116598
-18.0119379996080
-8.94411010421867
43.0606301381073
-35.2745859295012
82.1758219491991
34.0974802024382
10.3524055644837
91.6468026759917
-59.5086371805018
59.4875542339146
-25.0340513674688
5.02799217725038
32.1952518096452
9.67725018664108
20.6208849081909
47.1752561230909
-38.2451248234518
44.3675488006019
-116.286268438478
6.09208912251313
36.9095814253376
-34.6989309585460
44.9276424023213
-1.92003034017714
-16.4794315515544
42.0761625734984
-33.6382486422011
1.56697032595463
47.7952255501234
-39.2963697820039
84.5414050967533
-13.8822578510798
0.981903129437167
14.5766529899087
-47.6723687173298
2.12402051294343
21.5114718987328
-11.3524561629462
71.4824160346136
-4.61473900524367
30.8064617461119
-10.0801826481726
-22.1323512612777
-18.9853247603938
-90.7989861302192
50.7725163226763
52.2295391320263
9.06156549307025
20.2679973681548
-18.3801845119120
-51.4270637203337
9.26397958092933
-67.4349527177917
-6.10840558623540
-7.41450213315876
-38.6558083668221
4.10338831650227
-46.6207653663974
-57.0783978143645
-49.1873332679279
-44.6697166564392
-52.1339238179923
49.0230143748793
-37.3245884162748
64.7665262806058
-28.6131143237783
17.7652395300886
-68.9089182084793
43.4236765957458
-98.2052795680367
46.0255775044109
37.0148698348586
25.9752728814687
41.3405370266011
-15.8537402498998
-30.4199512914213
-55.7870533322845
-23.7930814051181
-38.5413608505448
-8.27138426207422
16.3623856759133
-1.41352618849659
14.0583091748822
1.71224087335976
-29.3711358486709
-2.27654788228088
-0.939110701700617
-0.532860720753491
50.2505360110958
23.3547571540712
-12.6527608196054
39.9901943925457
-85.1544060142633
-11.6676953693448
3.28956051705611
-80.6002213683685
79.3987775824923
29.8450327896815
-8.54459522579192
48.9724244620447
-32.2258896562528
-27.1435097803099
-21.5023346708783
-32.7015431729018
39.3746915787894
-3.83863681735782
96.9183021011458
28.3260530884225
74.1328287189577
48.5683755784668
12.5811103524653
50.6225194380332
19.4845712666649
43.5070499172990
41.7096482092068
57.7996947881996
-49.3054781993858
96.4798794068517
-151.934895704145
82.3674461917562
-92.3339330602450
3.79766864443459
-18.3413398405120
47.4569086331688
-23.8740440338757
37.4761112427940
-28.3484488906138
-16.5670850853018
3.39809394350772
-29.1761236992387
57.0139483199013
-16.6058732525460
63.5398723205209
-0.289520014958976
-28.0316058617073
7.84736995577663
-130.862986863397
-9.17482492333133
-94.8123066427467
-64.0619134157720
47.7004800435691
-107.918457371630
108.458126141014
-74.7454000940628
62.5949561864128
-22.4685358821639
46.4487120019441
-32.1180917464269
33.2035779044881
8.70423502271625
-0.0243141554819190
0.243860032654018
0.0846210906881858
-0.388859817103686
-7.29808361703093
39.7590089014906
