-0.172524242015653
-3.68745342498453
3.45697725282386
-5.92494073097047
4.30373338281364
-5.11002851897748
-0.764560612253524
-0.127969969649186
-10.6175966809527
3.79528247219146
-12.1089348245459
-1.54828098664994
2.25019415857323
-16.9692367092268
16.2798006941598
-27.4792460572270
16.5634893761129
-21.1402020508844
12.1281795114172
-4.84157778311873
9.59662157850525
2.82995201229706
4.13569018897611
-5.21984077401066
-7.89166164456598
-23.0091274243820
0.298863320342859
-5.45383982473047
8.93705395027734
-11.2586731498024
18.0157413547079
-13.3759778008484
23.7481763957420
-9.18728893164717
19.7325734313215
1.60183584881882
14.3144844771835
9.29540407115442
13.0318898360791
3.06384661453274
3.04111839636348
-9.63874497265642
-17.3144983290801
-11.9422043376777
-24.9778270758388
3.88987371487218
-12.8103535266556
22.2219883739330
-2.07935587652383
21.9279505101149
-0.335700603587111
-4.84284474531193
-7.03289544134309
-4.25227879355813
-5.72435856049655
-13.6261707151763
-4.36604177572403
-17.2393149076423
-1.22795075003026
-16.5028389292601
-3.51141415312098
-3.78629069056204
-3.93239958468383
11.8310011456219
4.52394591650015
18.1801812367527
5.77828440568733
9.53012586325908
-6.26824219504573
-0.718174297781140
-10.5186905079978
6.31947024457211
0.477575571746957
26.7441160089073
9.53524468453450
31.3681440106407
14.0271720083948
-2.08250040360194
-9.17775279901708
3.84650264924692
-12.0354076409571
-4.53782175708555
-16.8215485691837
-4.73265857052500
-9.29927587116809
-5.53365068620824
-10.1187586758079
-1.28510238865524
-19.6550146167853
5.15445594394601
-14.1967052952359
10.5009813885864
0.609582344787546
9.09351240998775
3.81822865640177
-1.33202499147543
-0.0460644371516523
-6.02341397087458
6.23834847293485
1.86623298738778
8.83692131974000
4.61871562089817
9.98192243289333
-22.4574362230517
1.81822656027616
11.6917773930900
-0.0539635786783998
5.56748957336048
-1.38678128065850
9.88087703077925
20.5883999885433
8.55995858280858
23.1408844369680
0.657874919215198
-2.89716375869967
-12.2245732609726
-12.1128242939075
-15.7608380697593
1.04117049311868
-3.46384396548537
6.65696041441211
1.75719942066984
3.69690972204184
-11.2453156922876
4.22743515785379
-19.0899313169513
-1.22905737883845
-18.8099779388049
-8.26916009896820
-29.9705887404983
15.0667552039534
11.6416412260995
4.39524414653913
4.99038461797605
-0.999017320228600
4.04584923524620
26.1442900858129
2.42054003859303
31.0432445910147
1.10157412548141
0.822379089653103
-14.0363127283931
-2.37965352641972
-21.7163992813317
13.8562533997721
0.799635234423985
13.2963410256598
18.1793089046894
4.39678197735568
5.86332331701682
6.09231484520858
-8.79135155587142
2.33564504422020
-5.36992990259380
-18.0597607177481
4.35117908240595
20.1167239101296
1.23584327800261
-6.08456831131151
-3.48921028075134
-23.8120830162108
-12.0635983672470
-2.63039944400374
-10.1096905790580
5.51313840641673
9.74633487817525
-12.6075412907623
12.0561745014373
-4.39012818610664
1.32764294798755
12.0896009428296
9.72109884210250
1.21081035549672
18.4734705508887
-13.9417493259030
9.54721716992267
0.323594976722433
3.32136281259472
7.56434593807933
13.3746136009390
-17.5942468112845
36.9528431437288
19.1590307002766
-12.2679104360078
-11.5618479291066
-3.08365565163212
-25.6136967085484
-14.7940256606054
-2.16692088166006
-16.4144540345756
3.62687567483000
12.5438229926052
-13.9860246698145
24.1351530050680
-8.02664175628522
6.51634995085002
2.13076248514660
-8.90634393040000
-19.0023779103692
-14.9622111345350
-33.0255295319899
-13.8834556090483
-9.20269370514775
-5.08510458968570
10.1566088432992
0.0405257609177988
-17.8035517918164
15.7006017074275
14.9584474105728
-19.4333898035497
-4.62739136918054
6.75702789954607
-2.51610896007626
-1.97492629859710
22.3652930746041
-16.3939120569031
18.7120828354632
-6.12402882147826
-6.60430296509443
0.304193478769557
-4.54071873941199
-10.8487275552048
11.3525222389063
-22.1055161651339
3.18922650778708
-23.5051010178474
-5.94996286844838
-9.32803425391117
10.9378325599301
2.05352333821576
21.5492543464340
-14.4059208072656
-22.4169128092433
-29.3511954461767
8.30571866845495
-17.9876692654687
0.662073145250669
16.1857589075634
9.98456532877917
13.3417489773808
24.9894736824614
-8.74534665080225
10.3660542536030
-19.8975171821321
-13.1074572373621
-17.2650144113741
-2.26548872316272
-5.39238890207906
24.2366862885985
6.95586910212895
23.4803717302223
12.0388204321508
12.0415179191808
20.2622018757654
26.4616350462288
23.5248624104816
32.0599509754155
-3.04125064559101
-33.0986558506809
-26.7102198099252
1.67553590867318
-10.9446056095955
-1.08957781199820
19.6099143968346
5.45360586231274
24.6610522999423
9.63411709877550
7.65714514134697
-2.59855472422180
-7.84603417714616
-9.49450805139175
-6.92615019162725
4.04893896112645
9.03915720968300
8.69095500722642
16.0193633927807
-23.3459311436328
-4.27185203532343
-45.7955542716293
-23.0114738346204
-10.6090107832702
-14.5894511067934
22.4549466060642
5.46148636017123
-37.9643062334394
31.2109065022537
0.432699629026724
0.506010780045129
0.135612757855070
0.302669672326273
3.47621574401575
27.5561868350283
