9.27859736987875
-4.23565467641553
18.7185624124582
-6.04855517974943
25.1006159092953
-8.95305443202734
20.4859487665238
-10.5407981173635
5.11776058400248
-10.0715745532124
-6.57487764749692
-9.52529393295525
0.854226057545767
-9.65749097523767
21.1529387878393
-7.77507593456342
31.6707822253699
-1.91983285394965
23.4187677767029
4.56999514463453
13.0401408039042
6.56490958563488
12.8528674157309
4.03198917494149
10.9490578920121
3.33823626189665
5.11008379334633
-5.33786520347925
13.1504184181577
-5.93843859182600
17.5770714891347
-7.23233547303463
12.0820071020019
-5.74417225500780
-1.35463321116489
-0.140916740357103
-10.1841307675563
3.63323824803388
-5.14400774039618
2.16837263509286
3.93317033882133
-1.31848444355698
-1.06650318578348
-1.25874328128624
-16.3813032931836
1.45829817213640
-17.7409538206063
1.55128765597949
-0.972125856876242
-0.199648878840819
5.55912106174295
2.90565378706857
-4.21990089632657
-5.51355230780897
0.464105287141774
-3.70636591807076
0.432076449285620
-5.36625344664862
-6.29885184861947
-3.19772530519886
-14.2276403074888
4.41669014253734
-12.8006859966433
10.5180055844394
-0.540329620308945
9.29748765691567
7.27664510499005
4.44869449507165
-3.15031411919702
1.19853506489355
-20.2245552580273
-0.340658507304117
-17.5710600386351
-2.23321521895979
3.13625333922933
-2.77300545109049
6.44734842060089
3.79986690523710
-12.0766717964633
-2.19685692735873
-5.61911769105761
1.25522137537598
-5.13019066162595
-1.38922185999717
-9.01569773016442
-1.41389347887974
-10.4316660062063
3.46686146675788
-2.39908340776712
6.51658875184946
12.0432339733578
6.02358010213475
19.4803972794720
5.02427174611405
11.0270022731582
3.62049616813901
-1.77453301736513
0.651386008315783
1.89314984316660
-1.97306726302647
15.6167068950663
-1.07014643212435
8.47071212831183
5.95458013058466
-13.5929708610409
3.87554557076665
0.134568339562011
5.16220527982275
4.94991470503698
3.24732157431531
4.51492784434747
4.10725478216903
4.84063187162412
4.32787996326256
9.08664566239842
0.0100120252075531
15.0194921831729
-1.59298709400528
15.6035594350092
3.12019557141009
9.06991921802617
4.27876066257508
4.78838930687620
0.719583085112121
11.5241630530374
-0.709358554754793
18.6105199957788
2.72000769883720
3.53092690385178
7.65778663900108
-10.7614695478668
7.51778256892283
7.21342742097670
1.29998335838821
9.90528660616183
3.08149920092060
5.60401440586047
9.95410739683125
2.81496462807763
8.10013796848658
3.26247271204965
-4.42534874411662
2.58715850399490
-6.74739291878773
-2.53236907137371
2.29771826893063
-8.53063943682450
2.92910350524220
-6.62126566140156
-4.20646765628743
3.86764580666665
-2.49705001692863
9.19622965752917
5.78811199288451
-6.88073641178183
6.22708588234017
-8.14201507101126
4.64640653135355
6.34373415434939
-11.1546518178288
-0.611823738012698
-5.33410290920567
-11.7182449992833
8.58335113512875
-12.6371610228964
4.36894789986565
-5.15278170434402
-11.2159612325310
-1.04839625563053
-9.20425471306742
-6.13280691803953
5.21827827071415
-14.0170127501527
1.80649460425381
-13.2386256337593
-11.4366674285795
-3.28430160956680
-7.70831361745337
1.48066399620101
5.01908854237656
-13.2761712424471
0.715454770030203
-6.53493803332133
0.0527187921657588
1.52848305334496
-20.8452706296136
-11.0841581294284
-11.6935988701220
-20.5220088900330
3.83972991667487
-12.3582217214920
-3.66855847474173
4.89924928875810
-18.9158996750628
12.5100194201731
-8.48901233715475
6.58565782346648
12.5376188330306
-2.86708218628348
6.91966673025838
-4.51132369964775
-12.3505722341386
1.78861718108100
-10.5604729929377
3.88856487430260
2.34719251512908
-9.81702450153100
-5.53661710884473
-4.50593785441398
-1.23002344349106
0.114095432844597
-17.0334127559055
-8.40831453264850
-5.32457738954834
-9.29527743248992
7.08435326331001
3.68496101288663
-4.46269102125279
14.8628261327607
-18.7325520199641
11.9992355306651
-3.71580627994403
3.02748195228137
20.6700809365277
1.19198762266694
16.4996500074609
5.71957797987300
-3.51543524801450
10.6175507230038
-5.82511602401038
9.48925778973417
1.98373512271736
-2.83130181012161
-5.62769659688820
-2.20958398828478
2.25251945070194
2.12601407434973
-3.40538640041216
0.855403561238292
9.74505098763934
5.14203122812272
18.0400816448343
11.5747145965820
4.12828027179069
5.02398221297291
-12.4254395096967
-11.7488731368333
-5.00820406225868
-17.6001418699336
13.3551717619544
-5.42395542700017
13.6862442620580
7.27899769300148
1.52187129013742
8.90792635221725
-0.510974694730063
4.22454117391822
4.53755376231758
-3.00811517230510
3.02389159818357
-0.425800127838855
5.42833056803523
3.58875919488928
8.15707970369689
6.51586113128789
19.5848927143022
11.3219274980177
24.4042316634568
11.7060228359861
8.95575222353567
-1.06372875850815
-14.0999952384560
-15.7062105524999
-23.7484005378995
-12.6326357989668
-19.4296958884812
2.73763763826764
-14.3583174289784
6.10406794886151
-10.7038989151775
-5.89214575832211
-2.90940490663898
-14.2288141818617
7.04102510952611
-10.9927158383369
15.7232170037626
0.924729710859525
-0.233034284937422
0.0911139043816150
0.468303305644767
-25.0511862086613
17.3783460686933
